matmul
Naive .. 
LA:

66.000000	40.000000	81.000000	

41.000000	12.000000	58.000000	

21.000000	40.000000	35.000000	

43.000000	74.000000	43.000000	

17.000000	4.000000	96.000000	

62.000000	92.000000	48.000000	

98.000000	59.000000	67.000000	

52.000000	9.000000	33.000000	

27.000000	79.000000	69.000000	

4.000000	41.000000	76.000000	

33.000000	7.000000	16.000000	

14.000000	0.000000	80.000000	

24.000000	21.000000	21.000000	

60.000000	65.000000	47.000000	

55.000000	34.000000	51.000000	

51.000000	97.000000	43.000000	
LB:

0.000000	47.000000	54.000000	19.000000	0.000000	63.000000	

4.000000	79.000000	95.000000	25.000000	83.000000	88.000000	

1.000000	69.000000	95.000000	70.000000	35.000000	47.000000	
ref_C:

384.000000	11474.000000	13824.000000	4674.000000	8196.000000	13006.000000	

206.000000	6638.000000	8050.000000	2940.000000	4474.000000	7402.000000	

392.000000	11549.000000	13684.000000	3989.000000	8134.000000	13727.000000	

316.000000	12108.000000	15419.000000	7854.000000	7697.000000	11535.000000	

292.000000	7513.000000	9293.000000	3583.000000	6401.000000	7780.000000	

229.000000	8283.000000	10067.000000	3872.000000	5051.000000	9217.000000	

57.000000	3147.000000	3984.000000	2094.000000	1482.000000	3102.000000	

192.000000	8627.000000	10995.000000	5785.000000	4839.000000	8244.000000	

173.000000	8263.000000	10630.000000	5890.000000	4516.000000	7636.000000	

363.000000	11505.000000	14292.000000	6082.000000	8202.000000	11870.000000	

331.000000	12724.000000	15776.000000	6981.000000	7652.000000	13319.000000	

50.000000	4683.000000	5932.000000	3297.000000	1522.000000	4659.000000	

215.000000	7557.000000	9658.000000	4918.000000	5188.000000	7076.000000	

355.000000	9711.000000	12281.000000	5546.000000	8093.000000	9337.000000	

229.000000	13812.000000	17534.000000	9439.000000	6134.000000	13511.000000	

71.000000	6434.000000	8098.000000	4363.000000	2086.000000	6543.000000	
Time spent on matmul: 0.000302 seconds
executing simd matmul now ...
TLA:

66.000000	41.000000	21.000000	43.000000	17.000000	62.000000	98.000000	52.000000	27.000000	4.000000	33.000000	14.000000	24.000000	60.000000	55.000000	51.000000	

40.000000	12.000000	40.000000	74.000000	4.000000	92.000000	59.000000	9.000000	79.000000	41.000000	7.000000	0.000000	21.000000	65.000000	34.000000	97.000000	

81.000000	58.000000	35.000000	43.000000	96.000000	48.000000	67.000000	33.000000	69.000000	76.000000	16.000000	80.000000	21.000000	47.000000	51.000000	43.000000	
TLB:

0.000000	54.000000	0.000000	

4.000000	95.000000	83.000000	

1.000000	95.000000	35.000000	

47.000000	19.000000	63.000000	

79.000000	25.000000	88.000000	

69.000000	70.000000	47.000000	
LC:

2160.000000	648.000000	2160.000000	3996.000000	216.000000	4968.000000	

3186.000000	486.000000	4266.000000	2214.000000	378.000000	0.000000	

1134.000000	3510.000000	1836.000000	5238.000000	10787.000000	6118.000000	

6789.000000	10771.000000	8416.000000	12972.000000	11558.000000	3802.000000	

13340.000000	10219.000000	2125.000000	6696.000000	3834.000000	10316.000000	

7683.000000	12988.000000	6701.000000	3211.000000	5046.000000	8578.000000	

3757.000000	10482.000000	8048.000000	2062.000000	9947.000000	6559.000000	

1258.000000	2814.000000	2754.000000	7880.000000	5070.000000	10771.000000	

8965.000000	5809.000000	3952.000000	6136.000000	6923.000000	7686.000000	

9948.000000	4694.000000	7117.000000	5755.000000	2692.000000	5698.000000	

2850.000000	7016.000000	6444.000000	6949.000000	13342.000000	8643.000000	

5739.000000	9031.000000	9891.000000	11422.000000	15113.000000	7237.000000	

10180.000000	8029.000000	4190.000000	8146.000000	4269.000000	10501.000000	

9683.000000	10238.000000	11161.000000	6395.000000	5894.000000	10168.000000	

5965.000000	12974.000000	14041.000000	5769.000000	10636.000000	6718.000000	

3519.000000	4726.000000	4113.000000	10899.000000	8572.000000	12330.000000	
Time spent on simd matmul: 0.000248 seconds
this does not aggree with naive matmul
ref_result[0] = 384.000000  result[0] = 2160.000000
